c        
c  Data for iquad=  1 and iprec=  2
c        
c        nphys:
c        
     1        5
     2        8
     3       12
     4       16
     5       19
     6       23
     7       27
     8       31
     9       36
     *       41
     1       46
     2       49
     3       53
     4       57
     5       61
     6       65
     7       69
     8       73
     9       75
     *       17
     1        7
     2        2
c        
c        
c  Data for iquad= 12 and iprec=  2
c        
c        nphys:
c        
     1        5
     2        8
     3       11
     4       15
     5       19
     6       23
     7       27
     8       31
     9       35
     *       39
     1       45
     2       49
     3       54
     4       57
     5       61
     6       65
     7       69
     8       73
     9       75
     *       11
     1       20
     2        2
c        
c        
c  Data for iquad= 23 and iprec=  2
c        
c        nphys:
c        
     1        6
     2        8
     3       11
     4       14
     5       18
     6       22
     7       26
     8       30
     9       34
     *       38
     1       42
     2       49
     3       52
     4       56
     5       60
     6       64
     7       68
     8       70
     9       74
     *       20
     1       29
     2       13
     3        7
c        
c        
c  Data for iquad= 34 and iprec=  2
c        
c        nphys:
c        
     1        5
     2        8
     3       10
     4       13
     5       16
     6       20
     7       24
     8       28
     9       32
     *       38
     1       41
     2       46
     3       50
     4       54
     5       58
     6       62
     7       66
     8       70
     9       74
     *       76
     1       11
     2        5
     3        8
c        
c        
c  Data for iquad= 45 and iprec=  2
c        
c        nphys:
c        
     1        7
     2        9
     3       13
     4       15
     5       18
     6       22
     7       25
     8       30
     9       33
     *       37
     1       42
     2       46
     3       50
     4       54
     5       58
     6       62
     7       66
     8       70
     9       73
     *       74
     1       13
     2        3
     3        1
c        
c        
c  Data for iquad= 56 and iprec=  2
c        
c        nphys:
c        
     1        8
     2       11
     3       13
     4       16
     5       18
     6       22
     7       24
     8       27
     9       30
     *       34
     1       38
     2       42
     3       46
     4       50
     5       54
     6       58
     7       62
     8       66
     9       70
     *       74
     1       32
     2       33
     3       24
c        
c        
c  Data for iquad= 67 and iprec=  2
c        
c        nphys:
c        
     1        9
     2       13
     3       16
     4       18
     5       20
     6       22
     7       26
     8       29
     9       31
     *       34
     1       38
     2       42
     3       46
     4       50
     5       54
     6       58
     7       62
     8       66
     9       70
     *       74
     1       44
     2       31
     3       18
c        
c        
c  Data for iquad= 78 and iprec=  2
c        
c        nphys:
c        
     1       10
     2       14
     3       18
     4       22
     5       25
     6       28
     7       30
     8       32
     9       33
     *       36
     1       38
     2       42
     3       45
     4       49
     5       52
     6       55
     7       58
     8       62
     9       66
     *       70
     1       74
     2       75
     3       31
     4        8
     5        9
     6       10
c        
c        
c  Data for iquad= 89 and iprec=  2
c        
c        nphys:
c        
     1       10
     2       16
     3       21
     4       26
     5       30
     6       34
     7       37
     8       41
     9       44
     *       46
     1       49
     2       51
     3       52
     4       54
     5       55
     6       57
     7       58
     8       62
     9       64
     *       67
     1       69
     2       73
     3       75
     4       78
     5       82
     6       84
     7       31
     8       22
     9       22
     *        2
c        
c        
c        
c  Data for iquad=  1 and iprec=  3
c        
c        nphys:
c        
     1        6
     2       10
     3       13
     4       17
     5       20
     6       24
     7       28
     8       32
     9       37
     *       41
     1       45
     2       49
     3       53
     4       59
     5       64
     6       68
     7       72
     8       76
     9       81
     *       86
     1       89
     2       93
     3       97
     4      101
     5      105
     6      109
     7      111
     8      114
     9       30
     *        4
     1        4
c        
c        
c  Data for iquad= 12 and iprec=  3
c        
c        nphys:
c        
     1        7
     2       10
     3       13
     4       16
     5       20
     6       24
     7       28
     8       32
     9       36
     *       41
     1       45
     2       49
     3       53
     4       57
     5       62
     6       66
     7       71
     8       76
     9       80
     *       85
     1       89
     2       93
     3       99
     4      102
     5      105
     6      108
     7      112
     8       82
     9       39
     *       18
     1        8
c        
c        
c  Data for iquad= 23 and iprec=  3
c        
c        nphys:
c        
     1        7
     2       10
     3       13
     4       16
     5       20
     6       23
     7       27
     8       31
     9       35
     *       39
     1       43
     2       50
     3       53
     4       58
     5       62
     6       66
     7       70
     8       76
     9       79
     *       86
     1       89
     2       93
     3       97
     4      101
     5      105
     6      106
     7      110
     8      112
     9       19
     *       18
     1        2
c        
c        
c  Data for iquad= 34 and iprec=  3
c        
c        nphys:
c        
     1        8
     2       10
     3       13
     4       16
     5       19
     6       23
     7       26
     8       30
     9       34
     *       38
     1       43
     2       47
     3       52
     4       56
     5       62
     6       66
     7       70
     8       74
     9       81
     *       83
     1       87
     2       91
     3       95
     4       99
     5      103
     6      107
     7      111
     8      113
     9       20
     *       16
     1       13
c        
c        
c  Data for iquad= 45 and iprec=  3
c        
c        nphys:
c        
     1        8
     2       11
     3       13
     4       15
     5       18
     6       21
     7       24
     8       28
     9       31
     *       35
     1       40
     2       44
     3       48
     4       52
     5       58
     6       62
     7       66
     8       70
     9       77
     *       80
     1       85
     2       88
     3       92
     4       96
     5      100
     6      104
     7      106
     8      110
     9      113
     *       19
     1        9
     2       15
c        
c        
c  Data for iquad= 56 and iprec=  3
c        
c        nphys:
c        
     1       10
     2       13
     3       17
     4       18
     5       20
     6       23
     7       26
     8       29
     9       31
     *       34
     1       38
     2       42
     3       48
     4       51
     5       56
     6       60
     7       65
     8       69
     9       74
     *       78
     1       82
     2       86
     3       90
     4       94
     5      101
     6      103
     7      106
     8      110
     9      112
     *       49
     1       29
     2        2
c        
c        
c  Data for iquad= 67 and iprec=  3
c        
c        nphys:
c        
     1       10
     2       14
     3       18
     4       20
     5       22
     6       25
     7       26
     8       30
     9       32
     *       34
     1       37
     2       40
     3       44
     4       48
     5       52
     6       56
     7       60
     8       65
     9       69
     *       74
     1       78
     2       82
     3       86
     4       90
     5       94
     6       98
     7      102
     8      106
     9      110
     *      112
     1       61
     2       21
     3        8
     4        5
c        
c        
c  Data for iquad= 78 and iprec=  3
c        
c        nphys:
c        
     1       12
     2       17
     3       21
     4       25
     5       28
     6       30
     7       33
     8       34
     9       37
     *       38
     1       40
     2       41
     3       44
     4       46
     5       50
     6       53
     7       57
     8       60
     9       64
     *       68
     1       72
     2       76
     3       80
     4       84
     5       88
     6       92
     7       96
     8      100
     9      104
     *      107
     1      110
     2      111
     3       70
     4       43
     5        7
     6        7
     7        5
c        
c        
c  Data for iquad= 89 and iprec=  3
c        
c        nphys:
c        
     1       13
     2       18
     3       24
     4       28
     5       32
     6       37
     7       41
     8       42
     9       46
     *       50
     1       53
     2       54
     3       56
     4       57
     5       60
     6       60
     7       61
     8       62
     9       64
     *       66
     1       68
     2       70
     3       74
     4       77
     5       80
     6       84
     7       86
     8       90
     9       94
     *       98
     1      101
     2      105
     3      109
     4      112
     5      113
     6      116
     7      117
     8       43
     9       16
     *        8
     1        1
     2        1
     3        1
     4        1
c        
c        
c  Data for iquad=  1 and iprec=  1
c        
c        nphys:
c        
     1        3
     2        6
     3       10
     4       14
     5       18
     6       22
     7       26
     8       30
     9       34
     *       38
     1       20
     2       23
     3        8
     4        6
c        
c        
c  Data for iquad= 12 and iprec=  1
c        
c        nphys:
c        
     1        4
     2        6
     3       10
     4       13
     5       17
     6       21
     7       25
     8       29
     9       33
     *       34
     1       19
     2        4
     3        1
     4        3
c        
c        
c  Data for iquad= 23 and iprec=  1
c        
c        nphys:
c        
     1        4
     2        6
     3       10
     4       13
     5       17
     6       21
     7       25
     8       29
     9       33
     *       34
     1       25
     2       10
     3        1
     4        1
c        
c        
c  Data for iquad= 34 and iprec=  1
c        
c        nphys:
c        
     1        4
     2        6
     3       10
     4       13
     5       16
     6       20
     7       24
     8       28
     9       32
     *       36
     1       24
     2       19
     3       21
     4       11
c        
c        
c  Data for iquad= 45 and iprec=  1
c        
c        nphys:
c        
     1        5
     2        7
     3        9
     4       13
     5       16
     6       20
     7       23
     8       27
     9       31
     *       33
     1       37
     2        7
     3        1
     4        3
c        
c        
c  Data for iquad= 56 and iprec=  1
c        
c        nphys:
c        
     1        5
     2        9
     3       10
     4       13
     5       17
     6       19
     7       22
     8       26
     9       29
     *       33
     1       36
     2       13
     3        9
     4       11
c        
c        
c  Data for iquad= 67 and iprec=  1
c        
c        nphys:
c        
     1        6
     2       10
     3       13
     4       17
     5       18
     6       22
     7       25
     8       29
     9       33
     *       35
     1       37
     2       16
     3        4
c        
c        
c  Data for iquad= 78 and iprec=  1
c        
c        nphys:
c        
     1        6
     2       12
     3       15
     4       19
     5       22
     6       26
     7       26
     8       29
     9       30
     *       34
     1       38
     2       40
     3       44
     4       37
     5        7
c        
c        
c  Data for iquad= 89 and iprec=  1
c        
c        nphys:
c        
     1        7
     2       14
     3       18
     4       22
     5       27
     6       30
     7       34
     8       37
     9       41
     *       44
     1       44
     2       47
     3       48
     4       49
     5       50
     6       51
     7       53
     8       21
     9        2
c        
